# Created by Octave 4.2.1, Mon May 29 15:14:59 2017 GMT <unknown@unknown>
# name: theta
# type: matrix
# rows: 3
# columns: 1
 0
 0
 0


